name: imarisbridge
channels:
  - conda-forge
  - defaults
dependencies:
  - backcall=0.2.0=pyh9f0ad1d_0
  - backports=1.0=pyhd8ed1ab_3
  - backports.functools_lru_cache=2.0.0=pyhd8ed1ab_0
  - ca-certificates=2023.12.12=haa95532_0
  - certifi=2023.11.17=pyhd8ed1ab_0
  - colorama=0.4.6=pyhd8ed1ab_0
  - debugpy=1.6.3=py37hf2a7229_0
  - decorator=5.1.1=pyhd8ed1ab_0
  - entrypoints=0.4=pyhd8ed1ab_0
  - ipykernel=6.16.2=pyh025b116_0
  - ipython=7.33.0=py37h03978a9_0
  - jedi=0.19.1=pyhd8ed1ab_0
  - jupyter_client=7.4.9=pyhd8ed1ab_0
  - jupyter_core=4.11.1=py37h03978a9_0
  - libsodium=1.0.18=h8d14728_1
  - matplotlib-inline=0.1.6=pyhd8ed1ab_0
  - nest-asyncio=1.6.0=pyhd8ed1ab_0
  - openssl=3.2.0=hcfcfb64_1
  - packaging=23.2=pyhd8ed1ab_0
  - parso=0.8.3=pyhd8ed1ab_0
  - pickleshare=0.7.5=py_1003
  - pip=22.3.1=py37haa95532_0
  - prompt-toolkit=3.0.42=pyha770c72_0
  - psutil=5.9.3=py37h51bd9d9_0
  - pygments=2.17.2=pyhd8ed1ab_0
  - python=3.7.12=h900ac77_100_cpython
  - python-dateutil=2.8.2=pyhd8ed1ab_0
  - python_abi=3.7=4_cp37m
  - pywin32=303=py37hcc03f2d_0
  - pyzmq=24.0.1=py37h7347f05_0
  - setuptools=65.6.3=py37haa95532_0
  - six=1.16.0=pyh6c4a22f_0
  - sqlite=3.41.2=h2bbff1b_0
  - tornado=6.2=py37hcc03f2d_0
  - traitlets=5.9.0=pyhd8ed1ab_0
  - ucrt=10.0.22621.0=h57928b3_0
  - vc=14.2=h21ff451_1
  - vc14_runtime=14.38.33130=h82b7239_18
  - vs2008_runtime=9.00.30729.1=haa95532_6
  - vs2015_runtime=14.38.33130=hcb4865c_18
  - wcwidth=0.2.10=pyhd8ed1ab_0
  - wheel=0.37.1=pyhd3eb1b0_0
  - wincertstore=0.2=py37haa95532_2
  - zeromq=4.3.4=h0e60522_1
  - pip:
      - beautifulsoup4==4.12.3
      - icepy==0.0.7
      - numpy==1.21.6
      - pandas==1.3.5
      - plotly==5.18.0
      - pymysql==1.1.0
      - pytz==2023.4
      - soupsieve==2.4.1
      - tenacity==8.2.3
prefix: C:\Users\BiswanathSaha\miniconda3\envs\imarisbridge
